[[1.0, 1.0, 1.0, 1.0, 1.0, 1.0, 4.080577020589306e-06, 1.0, 1.0, 1.0, 1.0], [1.0, 1.0, 1.0, 1.0, 1.0, 1.0, 0.25, 1.0, 1.0, 1.0, 1.0], [1.0, 1.0, 1.0, 1.0, 1.0, 1.0, 1.0, 0.8576409153739825, 1.0, 1.0, 1.0], [1.0, 1.0, 1.0, 1.0, 1.0, 1.0, 1.0, 1.0, 0.339578209220786, 1.0, 1.0], [1.0, 1.0, 1.0, 1.0, 1.0, 1.0, 1.0, 1.0, 1.0, 0.00273294826990397, 1.0], [1.0, 1.0, 1.0, 1.0, 1.0, 1.0, 1.0, 1.0, 1.0, 1.0, 0.4409079690400032], [4.080577020589306e-06, 0.25, 1.0, 1.0, 1.0, 1.0, 1.0, 9.081894500422016e-07, 1.1269406933344864e-06, 2.9536609101288054e-06, 3.139195004927835e-07], [1.0, 1.0, 0.8576409153739825, 1.0, 1.0, 1.0, 9.081894500422016e-07, 1.0, 7.904342834737823e-07, 1.2636833241578956e-06, 3.668413703859719e-07], [1.0, 1.0, 1.0, 0.339578209220786, 1.0, 1.0, 1.1269406933344864e-06, 7.904342834737823e-07, 1.0, 1.66232479797486e-06, 3.068125050899793e-07], [1.0, 1.0, 1.0, 1.0, 0.00273294826990397, 1.0, 2.9536609101288054e-06, 1.2636833241578956e-06, 1.66232479797486e-06, 1.0, 2.734583830758451e-07], [1.0, 1.0, 1.0, 1.0, 1.0, 0.4409079690400032, 3.139195004927835e-07, 3.668413703859719e-07, 3.068125050899793e-07, 2.734583830758451e-07, 1.0]]