[[1.0, 1.0, 1.0, 1.0, 1.0, 1.0, 6.4883929699313845e-06, 1.0, 1.0, 1.0, 1.0], [1.0, 1.0, 1.0, 1.0, 1.0, 1.0, 0.25, 1.0, 1.0, 1.0, 1.0], [1.0, 1.0, 1.0, 1.0, 1.0, 1.0, 1.0, 0.8796239855618105, 1.0, 1.0, 1.0], [1.0, 1.0, 1.0, 1.0, 1.0, 1.0, 1.0, 1.0, 0.2763240008184422, 1.0, 1.0], [1.0, 1.0, 1.0, 1.0, 1.0, 1.0, 1.0, 1.0, 1.0, 0.00273294826990397, 1.0], [1.0, 1.0, 1.0, 1.0, 1.0, 1.0, 1.0, 1.0, 1.0, 1.0, 0.451578550684423], [6.4883929699313845e-06, 0.25, 1.0, 1.0, 1.0, 1.0, 1.0, 1.0848651910731549e-06, 1.4763746318214597e-06, 6.772979083262405e-06, 1.1183555907184421e-08], [1.0, 1.0, 0.8796239855618105, 1.0, 1.0, 1.0, 1.0848651910731549e-06, 1.0, 7.903739119467303e-07, 1.2874413451850512e-06, 3.713021260350351e-07], [1.0, 1.0, 1.0, 0.2763240008184422, 1.0, 1.0, 1.4763746318214597e-06, 7.903739119467303e-07, 1.0, 1.6630480938651184e-06, 2.545520797828769e-07], [1.0, 1.0, 1.0, 1.0, 0.00273294826990397, 1.0, 6.772979083262405e-06, 1.2874413451850512e-06, 1.6630480938651184e-06, 1.0, 1.9722046613240333e-07], [1.0, 1.0, 1.0, 1.0, 1.0, 0.451578550684423, 1.1183555907184421e-08, 3.713021260350351e-07, 2.545520797828769e-07, 1.9722046613240333e-07, 1.0]]