[[1.0, 1.0, 1.0, 1.0, 3.920513169472244e-06, 1.0, 1.0, 1.0, 1.0], [1.0, 1.0, 1.0, 1.0, 0.9386315930156683, 1.0, 1.0, 1.0, 1.0], [1.0, 1.0, 1.0, 1.0, 1.0, 1.0, 0.0023307168766979153, 1.0, 1.0], [1.0, 1.0, 1.0, 1.0, 1.0, 1.0, 1.0, 0.038587192052538584, 1.0], [3.920513169472244e-06, 0.9386315930156683, 1.0, 1.0, 1.0, 8.388170248589279e-07, 1.1676677554803518e-06, 1.1276373511925677e-06, 4.716650419284237e-07], [1.0, 1.0, 1.0, 1.0, 8.388170248589279e-07, 1.0, 8.790707746446846e-07, 8.933274508803777e-07, 4.339080396673016e-07], [1.0, 1.0, 0.0023307168766979153, 1.0, 1.1676677554803518e-06, 8.790707746446846e-07, 1.0, 2.1236758163971607e-06, 4.882501586634901e-07], [1.0, 1.0, 1.0, 0.038587192052538584, 1.1276373511925677e-06, 8.933274508803777e-07, 2.1236758163971607e-06, 1.0, 4.988889085204438e-07], [1.0, 1.0, 1.0, 1.0, 4.716650419284237e-07, 4.339080396673016e-07, 4.882501586634901e-07, 4.988889085204438e-07, 1.0]]