[[1.0, 1.0, 1.0, 1.0, 1.0, 1.0, 6.4883929699313845e-06, 1.0, 1.0, 1.0, 1.0], [1.0, 1.0, 1.0, 1.0, 1.0, 1.0, 0.25, 1.0, 1.0, 1.0, 1.0], [1.0, 1.0, 1.0, 1.0, 1.0, 1.0, 1.0, 0.8576409153739825, 1.0, 1.0, 1.0], [1.0, 1.0, 1.0, 1.0, 1.0, 1.0, 1.0, 1.0, 0.339578209220786, 1.0, 1.0], [1.0, 1.0, 1.0, 1.0, 1.0, 1.0, 1.0, 1.0, 1.0, 0.00273294826990397, 1.0], [1.0, 1.0, 1.0, 1.0, 1.0, 1.0, 1.0, 1.0, 1.0, 1.0, 0.4409079690400032], [6.4883929699313845e-06, 0.25, 1.0, 1.0, 1.0, 1.0, 1.0, 1.0973237574350615e-06, 1.498383931114416e-06, 6.772979083262405e-06, 4.4009676451277066e-07], [1.0, 1.0, 0.8576409153739825, 1.0, 1.0, 1.0, 1.0973237574350615e-06, 1.0, 7.904342834737823e-07, 1.2636833241578956e-06, 3.668413703859719e-07], [1.0, 1.0, 1.0, 0.339578209220786, 1.0, 1.0, 1.498383931114416e-06, 7.904342834737823e-07, 1.0, 1.66232479797486e-06, 3.068125050899793e-07], [1.0, 1.0, 1.0, 1.0, 0.00273294826990397, 1.0, 6.772979083262405e-06, 1.2636833241578956e-06, 1.66232479797486e-06, 1.0, 2.734583830758451e-07], [1.0, 1.0, 1.0, 1.0, 1.0, 0.4409079690400032, 4.4009676451277066e-07, 3.668413703859719e-07, 3.068125050899793e-07, 2.734583830758451e-07, 1.0]]